terminal time is 40
initial theta is:  [-1.5  0.   0.   0.1  0.2]
iteration 1: [-1.5  0.   0.   0.1  0.2]
iteration 2: [-1.62794225 -0.05146725  0.48383153  0.3381702   0.2       ]
iteration 3: [-1.2113561   0.03262014 -0.16261246 -0.12806182  0.2       ]
iteration 4: [-1.19666729  0.01224423  0.20671093 -0.25218645  0.2       ]
iteration 5: [-0.50394953  0.05198627 -0.01604002 -1.13037341  0.2       ]
iteration 6: [-0.58260807  0.03110423  0.6731332  -1.07612772  0.2       ]
iteration 7: [-0.45303481  0.02321452  0.70082279 -1.31754989  0.2       ]
iteration 8: [ 0.15647507  0.02502435  1.05257823 -2.17300109  0.2       ]
iteration 9: [ 0.48327057  0.04092495  0.95287803 -2.59764408  0.2       ]
iteration 10: [ 0.92199152  0.03906814  1.2825766  -3.11245177  0.2       ]
iteration 11: [ 2.39365623  0.17566679  0.71408286 -4.97472754  0.2       ]
iteration 12: [ 3.02434425  0.19118823  1.04014777 -5.67752248  0.2       ]
iteration 13: [ 3.83447002  0.25578581  0.90905974 -6.68100929  0.2       ]
iteration 14: [ 4.18548012  0.27371953  1.2100164  -7.08466331  0.2       ]
iteration 15: [ 4.38230698  0.27117691  1.31456985 -7.41257189  0.2       ]
iteration 16: [ 4.4911423   0.26431798  1.51305756 -7.69298128  0.2       ]
iteration 17: [ 4.56543697  0.25509516  1.78025239 -7.82723371  0.2       ]
iteration 18: [ 4.64509709  0.2461525   2.14487588 -7.9646105   0.2       ]
iteration 19: [ 4.72892627  0.23735375  2.30535582 -8.09728255  0.2       ]
iteration 20: [ 4.77144576  0.23265145  2.41002884 -8.19154898  0.2       ]
iteration 21: [ 4.78800943  0.22747062  2.8313061  -8.28542821  0.2       ]
iteration 22: [ 4.81316106  0.22399484  2.98548751 -8.40253344  0.2       ]
iteration 23: [ 4.82970002  0.21148107  3.18897754 -8.55152608  0.2       ]
iteration 24: [ 4.86709423  0.19938144  3.38452826 -8.66832469  0.2       ]
iteration 25: [ 4.87362045  0.19224115  3.54662334 -8.70983587  0.2       ]
iteration 26: [ 4.855014    0.19165358  3.84639511 -8.68205272  0.2       ]
iteration 27: [ 4.83417917  0.18684169  4.06853973 -8.73544091  0.2       ]
iteration 28: [ 4.79698913  0.18379533  4.23947239 -8.76287283  0.2       ]
iteration 29: [ 4.80229017  0.17616532  4.35320621 -8.84931065  0.2       ]
iteration 30: [ 4.78696369  0.1695996   4.65463228 -8.88659258  0.2       ]
iteration 31: [ 4.74209379  0.16620217  4.81158834 -8.94063628  0.2       ]
iteration 32: [ 4.71420585  0.16310735  4.97680257 -8.93662729  0.2       ]
iteration 33: [ 4.69995581  0.15478149  5.24320233 -8.99171067  0.2       ]
iteration 34: [ 4.6766592   0.14849896  5.54322638 -8.99516679  0.2       ]
iteration 35: [ 4.66700526  0.14447904  5.73691743 -9.05335385  0.2       ]
iteration 36: [ 4.67399573  0.13566209  6.05027887 -9.10759919  0.2       ]
iteration 37: [ 4.62916468  0.12938916  6.45812189 -9.13180411  0.2       ]
iteration 38: [ 4.57223571  0.12933584  6.61134904 -9.12393938  0.2       ]
iteration 39: [ 4.5756158   0.1203807   6.8490149  -9.15887519  0.2       ]
iteration 40: [ 4.53266715  0.11618655  7.08705316 -9.16530559  0.2       ]
iteration 41: [ 4.49477388  0.11236023  7.33349323 -9.17089313  0.2       ]
iteration 42: [ 4.44090173  0.11119115  7.53366267 -9.17561395  0.2       ]
iteration 43: [ 4.4143688   0.1088698   7.62532146 -9.19264795  0.2       ]
iteration 44: [ 4.3730764   0.10680634  7.75881638 -9.21489866  0.2       ]
iteration 45: [ 4.35595836  0.10306366  7.94705034 -9.24538652  0.2       ]
iteration 46: [ 4.33151528  0.10025304  8.16863715 -9.24188868  0.2       ]
iteration 47: [ 4.31149587  0.09539558  8.34787696 -9.29286336  0.2       ]
iteration 48: [ 4.29054945  0.0920557   8.52488941 -9.3235366   0.2       ]
iteration 49: [ 4.24800791  0.09172637  8.64211536 -9.30861273  0.2       ]
iteration 50: [ 4.22015311  0.08784403  8.85994699 -9.34057259  0.2       ]
iteration 51: [ 4.20508735  0.08440457  9.01623285 -9.37874457  0.2       ]
iteration 52: [ 4.17935905  0.08171586  9.18633791 -9.37594454  0.2       ]
iteration 53: [ 4.15271505  0.0810004   9.29784952 -9.4046752   0.2       ]
iteration 54: [ 4.125997    0.07852468  9.35141986 -9.39831107  0.2       ]
iteration 55: [ 4.10805337  0.07364416  9.51575421 -9.441632    0.2       ]
iteration 56: [ 4.07775781  0.07186809  9.65640219 -9.46351812  0.2       ]
iteration 57: [ 4.04169459  0.06975883  9.73460246 -9.48502553  0.2       ]
iteration 58: [ 4.00915078  0.06958571  9.85648511 -9.50384887  0.2       ]
iteration 59: [ 3.98208705  0.06842249  9.97938355 -9.5258595   0.2       ]
iteration 60: [  3.96045812   0.06804334  10.11530623  -9.55178489   0.2       ]
iteration 61: [  3.92762771   0.06657562  10.22255667  -9.5638638    0.2       ]
iteration 62: [  3.90849114   0.06586523  10.30611057  -9.59009555   0.2       ]
iteration 63: [  3.86675391   0.06500376  10.4429111   -9.59018314   0.2       ]
iteration 64: [  3.84321553   0.06355209  10.53553105  -9.59095682   0.2       ]
iteration 65: [  3.81039543   0.06240127  10.65363216  -9.60190327   0.2       ]
iteration 66: [  3.78695815   0.05988007  10.75581052  -9.6269409    0.2       ]
iteration 67: [  3.75299723   0.06078925  10.82761629  -9.61525266   0.2       ]
iteration 68: [  3.71981367   0.06026557  10.95852473  -9.63380943   0.2       ]
iteration 69: [  3.69927011   0.05933048  11.07996488  -9.65129854   0.2       ]
iteration 70: [  3.6773863    0.05846767  11.21181477  -9.67135383   0.2       ]
iteration 71: [  3.6548569    0.05674224  11.28112541  -9.68028942   0.2       ]
iteration 72: [  3.62720726   0.05557706  11.38154147  -9.68776055   0.2       ]
iteration 73: [  3.5984896    0.05520563  11.45081824  -9.68760917   0.2       ]
iteration 74: [  3.57760546   0.05474486  11.52824565  -9.69205283   0.2       ]
iteration 75: [  3.55864978   0.05394151  11.64162098  -9.71591831   0.2       ]
iteration 76: [  3.54203909   0.05285831  11.70385664  -9.72844676   0.2       ]
iteration 77: [  3.51410693   0.05167191  11.77323693  -9.73408576   0.2       ]
iteration 78: [  3.48409299   0.052528    11.83457963  -9.7286631    0.2       ]
iteration 79: [  3.45979129   0.05303823  11.85566311  -9.74249262   0.2       ]
iteration 80: [  3.4475853    0.05301279  11.93693015  -9.75004093   0.2       ]
iteration 81: [  3.41488834   0.05290409  12.0239016   -9.74908625   0.2       ]
iteration 82: [  3.39535938   0.05255484  12.08992768  -9.76446564   0.2       ]
iteration 83: [  3.37911523   0.05192624  12.15004694  -9.78388425   0.2       ]
iteration 84: [  3.36331736   0.05132591  12.24050653  -9.78725884   0.2       ]
iteration 85: [  3.3478045    0.05090932  12.30091664  -9.7876883    0.2       ]
iteration 86: [  3.32353754   0.05281634  12.32611501  -9.78880094   0.2       ]
iteration 87: [  3.30419951   0.05254408  12.41037041  -9.79181943   0.2       ]
iteration 88: [  3.28639953   0.0516746   12.49642032  -9.80456728   0.2       ]
iteration 89: [  3.26417553   0.05204831  12.56356377  -9.80556213   0.2       ]
iteration 90: [  3.24424501   0.0516392   12.64186599  -9.81208371   0.2       ]
iteration 91: [  3.22186105   0.05160212  12.71479748  -9.82122855   0.2       ]
iteration 92: [  3.21163328   0.05118629  12.75103992  -9.83471968   0.2       ]
iteration 93: [  3.19152011   0.05124491  12.81373098  -9.8419024    0.2       ]
iteration 94: [  3.17505312   0.05158675  12.81433476  -9.85074422   0.2       ]
iteration 95: [  3.15635628   0.0513049   12.88629512  -9.84504004   0.2       ]
iteration 96: [  3.13954045   0.05106132  12.89783481  -9.85520654   0.2       ]
iteration 97: [  3.12339446   0.05173052  12.93716675  -9.86598394   0.2       ]
iteration 98: [  3.10332266   0.05327146  12.94197893  -9.86817472   0.2       ]
iteration 99: [  3.07544404   0.05349341  12.985833    -9.86336129   0.2       ]
iteration 100: [  3.05459714   0.05368108  13.04467538  -9.87968806   0.2       ]
iteration 101: [  3.03992645   0.05318071  13.06329257  -9.88344953   0.2       ]
iteration 102: [  3.03006186   0.05328262  13.08310965  -9.88934093   0.2       ]
iteration 103: [  3.01516543   0.05362485  13.1085536   -9.90269798   0.2       ]
iteration 104: [  3.00857708   0.05405549  13.13013     -9.90470702   0.2       ]
iteration 105: [  2.99749869   0.05282938  13.19824402  -9.90497818   0.2       ]
iteration 106: [  2.98273001   0.05363448  13.21246467  -9.90329898   0.2       ]
iteration 107: [  2.96838819   0.05354823  13.26102144  -9.9128142    0.2       ]
iteration 108: [  2.94715853   0.05341833  13.27360437  -9.92936861   0.2       ]
iteration 109: [  2.93678729   0.05328634  13.30697645  -9.93677638   0.2       ]
iteration 110: [  2.91574382   0.05416243  13.33133308  -9.93287103   0.2       ]
iteration 111: [  2.89670084   0.05466017  13.33897247  -9.94556591   0.2       ]
iteration 112: [  2.88551783   0.05509226  13.35024232  -9.95052069   0.2       ]
iteration 113: [  2.86774065   0.05703501  13.36380319  -9.95527958   0.2       ]
iteration 114: [  2.85827916   0.05741813  13.39434758  -9.95393171   0.2       ]
iteration 115: [  2.84932331   0.05747053  13.44949767  -9.95991119   0.2       ]
iteration 116: [  2.8379652    0.05828936  13.46113628  -9.96466452   0.2       ]
iteration 117: [  2.82136927   0.05790112  13.49412995  -9.9776858    0.2       ]
iteration 118: [  2.80697302   0.05847151  13.53668305  -9.98808885   0.2       ]
iteration 119: [  2.79225832   0.0586088   13.56918824  -9.98973596   0.2       ]
iteration 120: [  2.78157024   0.05754216  13.62236804  -9.99715909   0.2       ]
iteration 121: [  2.76870881   0.05790831  13.62012354 -10.00090834   0.2       ]
iteration 122: [  2.75684061   0.05768933  13.65542372 -10.0056015    0.2       ]
iteration 123: [  2.7457547    0.05937294  13.64938943 -10.00988892   0.2       ]
iteration 124: [  2.7345223    0.06046833  13.63574828 -10.01543225   0.2       ]
iteration 125: [  2.72189694   0.0606038   13.66168777 -10.01748833   0.2       ]
iteration 126: [  2.7031507    0.06126757  13.68137886 -10.01987129   0.2       ]
iteration 127: [  2.68624587   0.0627443   13.66984099 -10.01859432   0.2       ]
iteration 128: [  2.67389332   0.06334213  13.69375084 -10.02232968   0.2       ]
iteration 129: [  2.65671864   0.06375544  13.72860583 -10.03648071   0.2       ]
iteration 130: [  2.64574129   0.0638021   13.75848771 -10.03924699   0.2       ]
iteration 131: [  2.62973454   0.06359997  13.79899452 -10.04583482   0.2       ]
iteration 132: [  2.61765732   0.06487786  13.80039443 -10.05530409   0.2       ]
iteration 133: [  2.60359903   0.06566959  13.81001621 -10.05216439   0.2       ]
iteration 134: [  2.59298821   0.06539857  13.81080693 -10.06548619   0.2       ]
iteration 135: [  2.5820396    0.06689039  13.81146138 -10.07408779   0.2       ]
iteration 136: [  2.56340295   0.06729854  13.8237108  -10.07544644   0.2       ]
iteration 137: [  2.55648789   0.06754071  13.81716211 -10.08600084   0.2       ]
iteration 138: [  2.54431009   0.06859492  13.8169441  -10.08842383   0.2       ]
iteration 139: [  2.54166715   0.06831543  13.82101097 -10.10629706   0.2       ]
iteration 140: [  2.52901329   0.06907624  13.81971797 -10.11945411   0.2       ]
iteration 141: [  2.51464954   0.06953997  13.82121876 -10.12080695   0.2       ]
iteration 142: [  2.50319818   0.06993706  13.82577031 -10.13628625   0.2       ]
iteration 143: [  2.49020052   0.07050082  13.83615713 -10.13739971   0.2       ]
iteration 144: [  2.47624879   0.07104797  13.82907712 -10.14735101   0.2       ]
iteration 145: [  2.46510116   0.07183438  13.8345353  -10.1463629    0.2       ]
iteration 146: [  2.45202824   0.07182193  13.8467365  -10.14803963   0.2       ]
iteration 147: [  2.44385027   0.07257131  13.85254828 -10.15249174   0.2       ]
iteration 148: [  2.440403     0.07324156  13.86127854 -10.16193102   0.2       ]
iteration 149: [  2.43359102   0.07360749  13.85626251 -10.16992699   0.2       ]
iteration 150: [  2.42195583   0.0741052   13.85137028 -10.17441139   0.2       ]
iteration 151: [  2.40841279   0.07510584  13.84472034 -10.1738604    0.2       ]
iteration 152: [  2.39965183   0.07544744  13.87643966 -10.17365598   0.2       ]
iteration 153: [  2.38254946   0.0755902   13.89505224 -10.1792153    0.2       ]
iteration 154: [  2.37120001   0.07626758  13.8870015  -10.18642907   0.2       ]
iteration 155: [  2.35884542   0.07691956  13.88831717 -10.19859434   0.2       ]
iteration 156: [  2.35167537   0.07755512  13.87981458 -10.19947597   0.2       ]
iteration 157: [  2.34079837   0.0780372   13.90263809 -10.20155615   0.2       ]
iteration 158: [  2.33513829   0.07927498  13.86906803 -10.21291011   0.2       ]
iteration 159: [  2.32433427   0.08011927  13.88085802 -10.20972322   0.2       ]
iteration 160: [  2.31595698   0.08012999  13.87957799 -10.21086988   0.2       ]
iteration 161: [  2.30106732   0.08078443  13.88962093 -10.20748116   0.2       ]
iteration 162: [  2.28822731   0.08115513  13.85016419 -10.21443703   0.2       ]
iteration 163: [  2.27619427   0.08263179  13.81965992 -10.22578865   0.2       ]
iteration 164: [  2.26633643   0.08356216  13.79901077 -10.23392041   0.2       ]
iteration 165: [  2.2560852    0.08457438  13.789238   -10.24977201   0.2       ]
iteration 166: [  2.24115623   0.08463965  13.78084893 -10.26376149   0.2       ]
iteration 167: [  2.23542321   0.08492537  13.78147557 -10.26920293   0.2       ]
iteration 168: [  2.2249981    0.08596195  13.77356596 -10.27515422   0.2       ]
iteration 169: [  2.2074115    0.08706636  13.77286746 -10.28743198   0.2       ]
iteration 170: [  2.18858844   0.08849436  13.75326073 -10.29118627   0.2       ]
iteration 171: [  2.1794666    0.08936601  13.78254804 -10.28794674   0.2       ]
iteration 172: [  2.15890207   0.0905741   13.76978484 -10.28138735   0.2       ]
iteration 173: [  2.15841142   0.09102015  13.76558188 -10.28858198   0.2       ]
iteration 174: [  2.15457615   0.09164561  13.76485783 -10.29949995   0.2       ]
iteration 175: [  2.14385623   0.09268691  13.77143376 -10.30096068   0.2       ]
iteration 176: [  2.14014585   0.09263936  13.77838175 -10.30461168   0.2       ]
iteration 177: [  2.13320535   0.09282785  13.78358359 -10.30727445   0.2       ]
iteration 178: [  2.12788059   0.09385753  13.76948838 -10.30804957   0.2       ]
iteration 179: [  2.12557326   0.09471786  13.77489031 -10.32179214   0.2       ]
iteration 180: [  2.12015448   0.09557179  13.74817784 -10.33004389   0.2       ]
iteration 181: [  2.10899515   0.09581991  13.75330319 -10.34421037   0.2       ]
iteration 182: [  2.10184565   0.09578661  13.77153876 -10.35696181   0.2       ]
iteration 183: [  2.08694508   0.09644582  13.76003416 -10.37192329   0.2       ]
iteration 184: [  2.08108535   0.09570063  13.8003009  -10.38049832   0.2       ]
iteration 185: [  2.07286904   0.09695555  13.77376782 -10.3885525    0.2       ]
iteration 186: [  2.06533278   0.09773514  13.77352642 -10.38637265   0.2       ]
iteration 187: [  2.05988644   0.09880045  13.79068499 -10.38830273   0.2       ]
iteration 188: [  2.04346117   0.09992212  13.79189338 -10.38920475   0.2       ]
iteration 189: [  2.03428164   0.10108703  13.7685886  -10.38983468   0.2       ]
iteration 190: [  2.02847821   0.10170586  13.75737037 -10.39387106   0.2       ]
iteration 191: [  2.01772663   0.10212377  13.75699525 -10.40343714   0.2       ]
iteration 192: [  2.010278     0.1028207   13.75783645 -10.40995347   0.2       ]
iteration 193: [  2.00270238   0.1030101   13.75924374 -10.41903043   0.2       ]
iteration 194: [  1.99721264   0.10398103  13.73702116 -10.42268623   0.2       ]
iteration 195: [  1.99381457   0.10508476  13.7175907  -10.43481521   0.2       ]
iteration 196: [  1.9799926    0.10496819  13.74459813 -10.43888013   0.2       ]
iteration 197: [  1.97135669   0.10538156  13.76057925 -10.43841463   0.2       ]
iteration 198: [  1.95773093   0.10689434  13.74348945 -10.45536835   0.2       ]
iteration 199: [  1.95368524   0.10776494  13.73790647 -10.45824922   0.2       ]
iteration 200: [  1.94596799   0.10812985  13.71095522 -10.45621259   0.2       ]
iteration 201: [  1.93791871   0.10883026  13.69429435 -10.46292947   0.2       ]
iteration 202: [  1.92921668   0.10968672  13.67401683 -10.46800548   0.2       ]
iteration 203: [  1.92258725   0.11040874  13.68667393 -10.47391386   0.2       ]
iteration 204: [  1.90604726   0.11160086  13.64549207 -10.47717631   0.2       ]
iteration 205: [  1.89117396   0.11243213  13.65312028 -10.47907562   0.2       ]
iteration 206: [  1.88445889   0.11317247  13.65886206 -10.47695518   0.2       ]
iteration 207: [  1.88316045   0.1132277   13.66162995 -10.4849681    0.2       ]
iteration 208: [  1.87638153   0.11426759  13.68266567 -10.48845756   0.2       ]
iteration 209: [  1.8696425    0.11425355  13.66495183 -10.49239758   0.2       ]
iteration 210: [  1.85722812   0.11463301  13.66145149 -10.4983525    0.2       ]
iteration 211: [  1.84529082   0.11520939  13.67172436 -10.49773932   0.2       ]
iteration 212: [  1.84690418   0.11500816  13.67377716 -10.50786091   0.2       ]
iteration 213: [  1.84165533   0.11613393  13.63890214 -10.51553067   0.2       ]
iteration 214: [  1.83080475   0.11675304  13.63829381 -10.51451711   0.2       ]
iteration 215: [  1.8234743    0.1171614   13.65067697 -10.51299802   0.2       ]
iteration 216: [  1.81128352   0.11781798  13.64121436 -10.51557966   0.2       ]
iteration 217: [  1.80840874   0.11863672  13.63520704 -10.52395787   0.2       ]
iteration 218: [  1.80428548   0.12033362  13.60696268 -10.5295526    0.2       ]
iteration 219: [  1.79511119   0.12042259  13.64160103 -10.53513529   0.2       ]
iteration 220: [  1.788628     0.12069107  13.64492175 -10.53758254   0.2       ]
iteration 221: [  1.77755989   0.1217323   13.6256328  -10.53840975   0.2       ]
iteration 222: [  1.7713862    0.12222565  13.63069469 -10.54656601   0.2       ]
iteration 223: [  1.76921843   0.12238304  13.65679339 -10.54786166   0.2       ]
iteration 224: [  1.76685016   0.12284185  13.67705401 -10.55589358   0.2       ]
iteration 225: [  1.75376538   0.12400858  13.64995532 -10.55481202   0.2       ]
iteration 226: [  1.74642389   0.12464249  13.6617795  -10.55762725   0.2       ]
iteration 227: [  1.74181942   0.12531153  13.66654763 -10.55707758   0.2       ]
iteration 228: [  1.73607059   0.1268706   13.64320703 -10.56161214   0.2       ]
iteration 229: [  1.73072298   0.12727898  13.66445759 -10.56649315   0.2       ]
iteration 230: [  1.72290889   0.12880984  13.64355247 -10.57748129   0.2       ]
iteration 231: [  1.71802672   0.12908268  13.649588   -10.58693986   0.2       ]
iteration 232: [  1.71284376   0.12977538  13.65117637 -10.58755473   0.2       ]
iteration 233: [  1.70492345   0.13096197  13.65322772 -10.5887872    0.2       ]
iteration 234: [  1.70184599   0.13126259  13.64158524 -10.59304364   0.2       ]
iteration 235: [  1.69510371   0.13145602  13.64796125 -10.59752376   0.2       ]
iteration 236: [  1.686553     0.13211767  13.63701634 -10.58882606   0.2       ]
iteration 237: [  1.6796011    0.13287661  13.61110651 -10.5894122    0.2       ]
iteration 238: [  1.6727625    0.13355965  13.57397238 -10.58864297   0.2       ]
iteration 239: [  1.66541068   0.13397304  13.57615889 -10.59384265   0.2       ]
iteration 240: [  1.65471306   0.1345887   13.57358842 -10.60185066   0.2       ]
iteration 241: [  1.65030404   0.13536381  13.56372427 -10.60249626   0.2       ]
iteration 242: [  1.64211909   0.13545839  13.55260333 -10.6010725    0.2       ]
iteration 243: [  1.6404878    0.1356327   13.55718352 -10.60227222   0.2       ]
iteration 244: [  1.6380905    0.13597535  13.55777324 -10.60866922   0.2       ]
iteration 245: [  1.6306684    0.13702829  13.55661743 -10.60866727   0.2       ]
iteration 246: [  1.62342792   0.1381993   13.56623018 -10.60607236   0.2       ]
iteration 247: [  1.61900627   0.13813634  13.60643117 -10.61119011   0.2       ]
iteration 248: [  1.61494243   0.13869619  13.59165256 -10.61733783   0.2       ]
iteration 249: [  1.61240662   0.13899542  13.60979319 -10.60953842   0.2       ]
iteration 250: [  1.60795593   0.13956545  13.60150968 -10.61788726   0.2       ]
iteration 251: [  1.61107473   0.14034785  13.60390412 -10.62078039   0.2       ]
iteration 252: [  1.60326459   0.14096557  13.60665638 -10.634165     0.2       ]
iteration 253: [  1.59785456   0.14148947  13.60028175 -10.63828477   0.2       ]
iteration 254: [  1.59713421   0.14182053  13.6122064  -10.65042701   0.2       ]
iteration 255: [  1.59091618   0.14297279  13.57543381 -10.65664868   0.2       ]
iteration 256: [  1.58301962   0.14354853  13.55835365 -10.65816879   0.2       ]
iteration 257: [  1.57910549   0.14400214  13.56417107 -10.65865108   0.2       ]
iteration 258: [  1.57542252   0.14350087  13.59006679 -10.66980188   0.2       ]
iteration 259: [  1.56532026   0.14382419  13.58148981 -10.66809305   0.2       ]
iteration 260: [  1.56541331   0.1448695   13.60256957 -10.66776234   0.2       ]
iteration 261: [  1.56379632   0.14499437  13.60398665 -10.67454062   0.2       ]
iteration 262: [  1.55740655   0.14536484  13.63040752 -10.68055436   0.2       ]
iteration 263: [  1.55294249   0.14622294  13.60643828 -10.68064352   0.2       ]
iteration 264: [  1.55007489   0.14660464  13.60558066 -10.68201998   0.2       ]
iteration 265: [  1.54787229   0.14704857  13.60201907 -10.69072616   0.2       ]
iteration 266: [  1.53427032   0.14835481  13.58342169 -10.69103188   0.2       ]
iteration 267: [  1.52265376   0.14909526  13.57129315 -10.70124939   0.2       ]
iteration 268: [  1.52198727   0.14953043  13.56412757 -10.70311434   0.2       ]
iteration 269: [  1.50695343   0.1496293   13.55936035 -10.70619112   0.2       ]
iteration 270: [  1.49657285   0.15035978  13.54050138 -10.70834126   0.2       ]
iteration 271: [  1.49044393   0.15095739  13.51795733 -10.7164651    0.2       ]
iteration 272: [  1.48346046   0.15203004  13.51665248 -10.71707086   0.2       ]
iteration 273: [  1.48170843   0.15195881  13.51119877 -10.72487208   0.2       ]
iteration 274: [  1.47825827   0.15180045  13.52112023 -10.72027796   0.2       ]
iteration 275: [  1.4730331    0.15233714  13.51705763 -10.72193534   0.2       ]
iteration 276: [  1.46278913   0.15258784  13.53195804 -10.71691255   0.2       ]
iteration 277: [  1.45217956   0.15298259  13.53866359 -10.7207066    0.2       ]
iteration 278: [  1.44745635   0.15268821  13.56005795 -10.71764591   0.2       ]
iteration 279: [  1.43881248   0.15248097  13.5627606  -10.71540145   0.2       ]
iteration 280: [  1.43828889   0.15332296  13.5367077  -10.723339     0.2       ]
iteration 281: [  1.42961883   0.15377236  13.52131012 -10.72714744   0.2       ]
iteration 282: [  1.42463134   0.15388785  13.5358147  -10.73496949   0.2       ]
iteration 283: [  1.42604933   0.15431486  13.53507324 -10.73536669   0.2       ]
iteration 284: [  1.42372932   0.15399459  13.54122013 -10.73927686   0.2       ]
iteration 285: [  1.42197508   0.15517127  13.53783488 -10.73826404   0.2       ]
iteration 286: [  1.41757444   0.15626873  13.51963389 -10.74289718   0.2       ]
iteration 287: [  1.42015768   0.15677203  13.50483256 -10.7484147    0.2       ]
iteration 288: [  1.42333569   0.15734955  13.50393196 -10.75566918   0.2       ]
iteration 289: [  1.42088588   0.15721822  13.51550286 -10.75542575   0.2       ]
iteration 290: [  1.41672473   0.15706038  13.4782404  -10.76686654   0.2       ]
iteration 291: [  1.41766385   0.15715228  13.4872156  -10.77834535   0.2       ]
iteration 292: [  1.41538916   0.15763085  13.50343514 -10.77839063   0.2       ]
iteration 293: [  1.40712887   0.15844017  13.49142658 -10.77676747   0.2       ]
iteration 294: [  1.40321635   0.15886241  13.50193593 -10.77202658   0.2       ]
iteration 295: [  1.40416398   0.1594835   13.51260912 -10.77496369   0.2       ]
iteration 296: [  1.39443714   0.15953942  13.51556382 -10.77391536   0.2       ]
iteration 297: [  1.38599148   0.16004762  13.51490958 -10.77853674   0.2       ]
iteration 298: [  1.3800868    0.16046241  13.49924289 -10.78241572   0.2       ]
iteration 299: [  1.37492317   0.16014897  13.50564304 -10.78416567   0.2       ]
iteration 300: [  1.36884909   0.16066748  13.47909649 -10.78885374   0.2       ]
iteration 301: [  1.36264144   0.16131632  13.4791731  -10.78881418   0.2       ]
iteration 302: [  1.36181021   0.16206899  13.48278555 -10.79971511   0.2       ]
iteration 303: [  1.35421966   0.16290481  13.49758557 -10.80323527   0.2       ]
iteration 304: [  1.34867957   0.16346984  13.5104265  -10.8147821    0.2       ]
iteration 305: [  1.34553253   0.16343183  13.50097164 -10.8174626    0.2       ]
iteration 306: [  1.33771491   0.16313258  13.50847678 -10.8194048    0.2       ]
iteration 307: [  1.32994914   0.16343984  13.49814554 -10.81654533   0.2       ]
iteration 308: [  1.3265445    0.16417432  13.47625835 -10.82298559   0.2       ]
iteration 309: [  1.32397333   0.16534591  13.44217068 -10.82470887   0.2       ]
iteration 310: [  1.31843899   0.1656689   13.46058847 -10.83098171   0.2       ]
iteration 311: [  1.31758972   0.16652492  13.43227067 -10.84073627   0.2       ]
iteration 312: [  1.31533929   0.16725464  13.38788688 -10.84118742   0.2       ]
iteration 313: [  1.30529714   0.16740445  13.38311441 -10.84679253   0.2       ]
iteration 314: [  1.30236875   0.16749655  13.39155762 -10.85136371   0.2       ]
iteration 315: [  1.29741933   0.16766449  13.37108543 -10.86072439   0.2       ]
iteration 316: [  1.29280868   0.16808138  13.35853384 -10.86335243   0.2       ]
iteration 317: [  1.29307652   0.16843104  13.33632595 -10.86397867   0.2       ]
iteration 318: [  1.28671136   0.16803415  13.33429849 -10.86414727   0.2       ]
iteration 319: [  1.28138366   0.16876278  13.32044296 -10.86578916   0.2       ]
iteration 320: [  1.27921704   0.17020989  13.29273916 -10.86927885   0.2       ]
iteration 321: [  1.26950483   0.17054375  13.29782398 -10.87384802   0.2       ]
iteration 322: [  1.26303725   0.17041249  13.3014983  -10.87201604   0.2       ]
iteration 323: [  1.26254811   0.17101697  13.30568462 -10.87110813   0.2       ]
iteration 324: [  1.25988291   0.17154597  13.30213435 -10.87574767   0.2       ]
iteration 325: [  1.26130437   0.17233733  13.30547558 -10.877075     0.2       ]
iteration 326: [  1.25368404   0.17322984  13.28639349 -10.87825027   0.2       ]
iteration 327: [  1.25007723   0.17452463  13.28244834 -10.88269107   0.2       ]
iteration 328: [  1.25194012   0.17457677  13.29104615 -10.88632384   0.2       ]
iteration 329: [  1.25103592   0.17473401  13.26907361 -10.89328724   0.2       ]
iteration 330: [  1.25268627   0.17521995  13.27840226 -10.89606763   0.2       ]
iteration 331: [  1.25167552   0.17519806  13.28920874 -10.89054252   0.2       ]
iteration 332: [  1.251557     0.17547524  13.28105676 -10.89588079   0.2       ]
iteration 333: [  1.24475738   0.1761652   13.27696755 -10.89779102   0.2       ]
iteration 334: [  1.23725309   0.17691979  13.27605577 -10.88834357   0.2       ]
iteration 335: [  1.24228775   0.17780536  13.26489512 -10.8917357    0.2       ]
iteration 336: [  1.23767264   0.17780476  13.24416998 -10.89084959   0.2       ]
iteration 337: [  1.23871194   0.17782598  13.24729307 -10.90077731   0.2       ]
iteration 338: [  1.23258259   0.17862375  13.23882612 -10.90182652   0.2       ]
iteration 339: [  1.22160185   0.17880083  13.21442231 -10.91053445   0.2       ]
iteration 340: [  1.21970867   0.17894528  13.21247591 -10.91345511   0.2       ]
iteration 341: [  1.21271726   0.17909369  13.19617321 -10.91622431   0.2       ]
iteration 342: [  1.20796744   0.17914136  13.22210233 -10.92855163   0.2       ]
iteration 343: [  1.2027502    0.17959329  13.20769809 -10.93361269   0.2       ]
iteration 344: [  1.1945589    0.18032761  13.18830782 -10.92892777   0.2       ]
iteration 345: [  1.19029969   0.17996151  13.17129131 -10.93285558   0.2       ]
iteration 346: [  1.18459849   0.17955644  13.21066457 -10.93604643   0.2       ]
iteration 347: [  1.18001665   0.18076279  13.19428972 -10.94583157   0.2       ]
iteration 348: [  1.17813034   0.18093875  13.20574579 -10.95120353   0.2       ]
iteration 349: [  1.17628193   0.18180564  13.23129261 -10.95222506   0.2       ]
iteration 350: [  1.17261561   0.1816771   13.24019695 -10.95011774   0.2       ]
iteration 351: [  1.16774915   0.18173485  13.22240224 -10.95606952   0.2       ]
iteration 352: [  1.16751125   0.18271512  13.20943718 -10.95941851   0.2       ]
iteration 353: [  1.1649576    0.18352     13.19945041 -10.96066665   0.2       ]
iteration 354: [  1.16405696   0.18435843  13.18979881 -10.96301409   0.2       ]
iteration 355: [  1.16112434   0.18537461  13.16803326 -10.96201126   0.2       ]
iteration 356: [  1.15252666   0.18566306  13.14338408 -10.96299414   0.2       ]
iteration 357: [  1.14955186   0.18563291  13.11425323 -10.96753661   0.2       ]
iteration 358: [  1.14949902   0.18569619  13.09367502 -10.96052589   0.2       ]
iteration 359: [  1.14157908   0.1864842   13.08679649 -10.96556785   0.2       ]
iteration 360: [  1.13657942   0.18665489  13.08091734 -10.96324671   0.2       ]
iteration 361: [  1.13769091   0.18652901  13.07539055 -10.97290794   0.2       ]
iteration 362: [  1.12647546   0.18719455  13.06421719 -10.97076947   0.2       ]
iteration 363: [  1.13041615   0.18834945  13.05610217 -10.97688832   0.2       ]
iteration 364: [  1.13129842   0.18885666  13.02020699 -10.98548725   0.2       ]
iteration 365: [  1.12873268   0.1886996   13.01802835 -10.98280006   0.2       ]
iteration 366: [  1.12686774   0.18963482  13.00519928 -10.97838283   0.2       ]
iteration 367: [  1.12088624   0.19042537  13.00455311 -10.97732328   0.2       ]
iteration 368: [  1.11518467   0.19097422  12.99148118 -10.97836885   0.2       ]
iteration 369: [  1.11598241   0.19135553  13.00529203 -10.98461321   0.2       ]
iteration 370: [  1.11203931   0.19137038  13.03154266 -10.98690754   0.2       ]
iteration 371: [  1.10768956   0.19155194  13.00655396 -11.0013687    0.2       ]
iteration 372: [  1.10319935   0.19187851  12.9960336  -10.99876545   0.2       ]
iteration 373: [  1.09983984   0.19277402  12.98374632 -10.99556203   0.2       ]
iteration 374: [  1.0998669    0.19338349  12.99159561 -11.0025019    0.2       ]
iteration 375: [  1.09845603   0.19375997  12.98964424 -11.00724901   0.2       ]
iteration 376: [  1.0943162    0.19443036  12.97328454 -11.00719359   0.2       ]
iteration 377: [  1.0933048    0.19453412  12.9832989  -11.00696574   0.2       ]
iteration 378: [  1.08340668   0.19448761  13.00308355 -11.00596116   0.2       ]
iteration 379: [  1.07906718   0.1950232   12.99489049 -11.01174654   0.2       ]
iteration 380: [  1.06845915   0.19550365  12.97939989 -11.01814027   0.2       ]
iteration 381: [  1.06687041   0.19639609  13.0013191  -11.02440967   0.2       ]
iteration 382: [  1.06697843   0.19674011  12.99271837 -11.02975798   0.2       ]
iteration 383: [  1.06840012   0.19745753  12.97142734 -11.03552558   0.2       ]
iteration 384: [  1.06375246   0.19707783  12.97835293 -11.03409541   0.2       ]
iteration 385: [  1.05901153   0.19776756  12.97847971 -11.03633017   0.2       ]
iteration 386: [  1.06360903   0.19828886  12.97358441 -11.03616218   0.2       ]
iteration 387: [  1.0668618    0.1981268   12.98801434 -11.03532947   0.2       ]
iteration 388: [  1.05897125   0.19772744  13.00792956 -11.02860744   0.2       ]
iteration 389: [  1.05275011   0.19846285  13.00466508 -11.03072859   0.2       ]
iteration 390: [  1.05337216   0.19873176  13.00097154 -11.02938375   0.2       ]
iteration 391: [  1.05382336   0.19913285  12.99862213 -11.03117808   0.2       ]
iteration 392: [  1.04737813   0.1993491   12.98760105 -11.02929608   0.2       ]
iteration 393: [  1.04967083   0.19942202  12.98649032 -11.03800877   0.2       ]
iteration 394: [  1.049959     0.19958945  12.98767627 -11.04172737   0.2       ]
iteration 395: [  1.04392225   0.19952831  13.0123253  -11.04082816   0.2       ]
iteration 396: [  1.04127097   0.19971714  12.99621184 -11.0558365    0.2       ]
iteration 397: [  1.04280813   0.20009871  12.99123861 -11.05414306   0.2       ]
iteration 398: [  1.03658511   0.19974669  13.01119123 -11.05559845   0.2       ]
iteration 399: [  1.03321006   0.20008102  13.00413069 -11.05848346   0.2       ]
iteration 400: [  1.02644295   0.20038815  12.98241266 -11.06179256   0.2       ]
elapsed time : 3738.21261215
