iteration 3: [-2.9858863  -0.05121691  2.38093121  2.12076417  0.2       ]
iteration 1: [-1.5  0.   0.   0.1  0.2]
iteration 2: [-1.86226179 -0.03752464  0.62560625  0.72696587  0.2       ]
iteration 3: [-2.9858863  -0.05121691  2.38093121  2.12076417  0.2       ]
iteration 1: [-1.5  0.   0.   0.1  0.2]
iteration 2: [-1.86226179 -0.03752464  0.62560625  0.72696587  0.2       ]
iteration 3: [-2.9858863  -0.05121691  2.38093121  2.12076417  0.2       ]
iteration 0: [-1.5  0.   0.   0.1  0.2]
iteration 1: [-1.43810612 -0.19646152  1.7587319   0.0136478   0.2       ]
iteration 2: [ 0.62666397 -0.27232283  3.1604779  -3.18492396  0.2       ]
iteration 0: [-1.5  0.   0.   0.1  0.2]
iteration 1: [-2.50280054 -0.01769047  0.34183751  1.25848001  0.2       ]
iteration 2: [-4.66436773 -0.25919877  3.11038457  4.00669614  0.2       ]
